{
 "cells": [
  {
   "cell_type": "markdown",
   "id": "6ed4ef8f",
   "metadata": {},
   "source": [
    "<h1><center> Australian Dataset  </center></h1>"
   ]
  },
  {
   "cell_type": "code",
   "execution_count": 1,
   "id": "9c0ee3dc",
   "metadata": {},
   "outputs": [],
   "source": [
    "import numpy as np\n",
    "import pandas as pd\n",
    "import seaborn as sns\n",
    "\n",
    "from matplotlib import pyplot as plt\n",
    "from sklearn.linear_model import LogisticRegression\n",
    "from sklearn.model_selection import train_test_split, cross_val_score, RepeatedKFold\n",
    "from sklearn.feature_selection import RFE\n",
    "from sklearn.metrics import confusion_matrix, classification_report, roc_auc_score, roc_curve, get_scorer_names"
   ]
  },
  {
   "cell_type": "code",
   "execution_count": 2,
   "id": "c5d61082",
   "metadata": {},
   "outputs": [
    {
     "data": {
      "text/html": [
       "<div>\n",
       "<style scoped>\n",
       "    .dataframe tbody tr th:only-of-type {\n",
       "        vertical-align: middle;\n",
       "    }\n",
       "\n",
       "    .dataframe tbody tr th {\n",
       "        vertical-align: top;\n",
       "    }\n",
       "\n",
       "    .dataframe thead th {\n",
       "        text-align: right;\n",
       "    }\n",
       "</style>\n",
       "<table border=\"1\" class=\"dataframe\">\n",
       "  <thead>\n",
       "    <tr style=\"text-align: right;\">\n",
       "      <th></th>\n",
       "      <th>A1</th>\n",
       "      <th>A2</th>\n",
       "      <th>A3</th>\n",
       "      <th>A4</th>\n",
       "      <th>A5</th>\n",
       "      <th>A6</th>\n",
       "      <th>A7</th>\n",
       "      <th>A8</th>\n",
       "      <th>A9</th>\n",
       "      <th>A10</th>\n",
       "      <th>A11</th>\n",
       "      <th>A12</th>\n",
       "      <th>A13</th>\n",
       "      <th>A14</th>\n",
       "      <th>A15</th>\n",
       "    </tr>\n",
       "  </thead>\n",
       "  <tbody>\n",
       "    <tr>\n",
       "      <th>0</th>\n",
       "      <td>1</td>\n",
       "      <td>22.08</td>\n",
       "      <td>11.46</td>\n",
       "      <td>2</td>\n",
       "      <td>4</td>\n",
       "      <td>4</td>\n",
       "      <td>1.585</td>\n",
       "      <td>0</td>\n",
       "      <td>0</td>\n",
       "      <td>0</td>\n",
       "      <td>1</td>\n",
       "      <td>2</td>\n",
       "      <td>100</td>\n",
       "      <td>1213</td>\n",
       "      <td>0</td>\n",
       "    </tr>\n",
       "    <tr>\n",
       "      <th>1</th>\n",
       "      <td>0</td>\n",
       "      <td>22.67</td>\n",
       "      <td>7.00</td>\n",
       "      <td>2</td>\n",
       "      <td>8</td>\n",
       "      <td>4</td>\n",
       "      <td>0.165</td>\n",
       "      <td>0</td>\n",
       "      <td>0</td>\n",
       "      <td>0</td>\n",
       "      <td>0</td>\n",
       "      <td>2</td>\n",
       "      <td>160</td>\n",
       "      <td>1</td>\n",
       "      <td>0</td>\n",
       "    </tr>\n",
       "    <tr>\n",
       "      <th>2</th>\n",
       "      <td>0</td>\n",
       "      <td>29.58</td>\n",
       "      <td>1.75</td>\n",
       "      <td>1</td>\n",
       "      <td>4</td>\n",
       "      <td>4</td>\n",
       "      <td>1.250</td>\n",
       "      <td>0</td>\n",
       "      <td>0</td>\n",
       "      <td>0</td>\n",
       "      <td>1</td>\n",
       "      <td>2</td>\n",
       "      <td>280</td>\n",
       "      <td>1</td>\n",
       "      <td>0</td>\n",
       "    </tr>\n",
       "    <tr>\n",
       "      <th>3</th>\n",
       "      <td>0</td>\n",
       "      <td>21.67</td>\n",
       "      <td>11.50</td>\n",
       "      <td>1</td>\n",
       "      <td>5</td>\n",
       "      <td>3</td>\n",
       "      <td>0.000</td>\n",
       "      <td>1</td>\n",
       "      <td>1</td>\n",
       "      <td>11</td>\n",
       "      <td>1</td>\n",
       "      <td>2</td>\n",
       "      <td>0</td>\n",
       "      <td>1</td>\n",
       "      <td>1</td>\n",
       "    </tr>\n",
       "    <tr>\n",
       "      <th>4</th>\n",
       "      <td>1</td>\n",
       "      <td>20.17</td>\n",
       "      <td>8.17</td>\n",
       "      <td>2</td>\n",
       "      <td>6</td>\n",
       "      <td>4</td>\n",
       "      <td>1.960</td>\n",
       "      <td>1</td>\n",
       "      <td>1</td>\n",
       "      <td>14</td>\n",
       "      <td>0</td>\n",
       "      <td>2</td>\n",
       "      <td>60</td>\n",
       "      <td>159</td>\n",
       "      <td>1</td>\n",
       "    </tr>\n",
       "  </tbody>\n",
       "</table>\n",
       "</div>"
      ],
      "text/plain": [
       "   A1     A2     A3  A4  A5  A6     A7  A8  A9  A10  A11  A12  A13   A14  A15\n",
       "0   1  22.08  11.46   2   4   4  1.585   0   0    0    1    2  100  1213    0\n",
       "1   0  22.67   7.00   2   8   4  0.165   0   0    0    0    2  160     1    0\n",
       "2   0  29.58   1.75   1   4   4  1.250   0   0    0    1    2  280     1    0\n",
       "3   0  21.67  11.50   1   5   3  0.000   1   1   11    1    2    0     1    1\n",
       "4   1  20.17   8.17   2   6   4  1.960   1   1   14    0    2   60   159    1"
      ]
     },
     "execution_count": 2,
     "metadata": {},
     "output_type": "execute_result"
    }
   ],
   "source": [
    "data_aus = pd.read_csv('australian.dat', header=None, sep=' ')\n",
    "data_aus.columns=['A1','A2','A3','A4','A5','A6','A7','A8','A9','A10','A11','A12','A13','A14','A15']\n",
    "\n",
    "data_aus.head()"
   ]
  },
  {
   "cell_type": "code",
   "execution_count": 3,
   "id": "74e1fb71",
   "metadata": {},
   "outputs": [
    {
     "name": "stdout",
     "output_type": "stream",
     "text": [
      "<class 'pandas.core.frame.DataFrame'>\n",
      "RangeIndex: 690 entries, 0 to 689\n",
      "Data columns (total 15 columns):\n",
      " #   Column  Non-Null Count  Dtype  \n",
      "---  ------  --------------  -----  \n",
      " 0   A1      690 non-null    int64  \n",
      " 1   A2      690 non-null    float64\n",
      " 2   A3      690 non-null    float64\n",
      " 3   A4      690 non-null    int64  \n",
      " 4   A5      690 non-null    int64  \n",
      " 5   A6      690 non-null    int64  \n",
      " 6   A7      690 non-null    float64\n",
      " 7   A8      690 non-null    int64  \n",
      " 8   A9      690 non-null    int64  \n",
      " 9   A10     690 non-null    int64  \n",
      " 10  A11     690 non-null    int64  \n",
      " 11  A12     690 non-null    int64  \n",
      " 12  A13     690 non-null    int64  \n",
      " 13  A14     690 non-null    int64  \n",
      " 14  A15     690 non-null    int64  \n",
      "dtypes: float64(3), int64(12)\n",
      "memory usage: 81.0 KB\n"
     ]
    }
   ],
   "source": [
    "data_aus.info()"
   ]
  },
  {
   "cell_type": "code",
   "execution_count": 4,
   "id": "2c7902fa",
   "metadata": {},
   "outputs": [
    {
     "data": {
      "text/html": [
       "<div>\n",
       "<style scoped>\n",
       "    .dataframe tbody tr th:only-of-type {\n",
       "        vertical-align: middle;\n",
       "    }\n",
       "\n",
       "    .dataframe tbody tr th {\n",
       "        vertical-align: top;\n",
       "    }\n",
       "\n",
       "    .dataframe thead th {\n",
       "        text-align: right;\n",
       "    }\n",
       "</style>\n",
       "<table border=\"1\" class=\"dataframe\">\n",
       "  <thead>\n",
       "    <tr style=\"text-align: right;\">\n",
       "      <th></th>\n",
       "      <th>A2</th>\n",
       "      <th>A3</th>\n",
       "      <th>A7</th>\n",
       "      <th>A10</th>\n",
       "      <th>A11</th>\n",
       "      <th>A13</th>\n",
       "      <th>A14</th>\n",
       "    </tr>\n",
       "  </thead>\n",
       "  <tbody>\n",
       "    <tr>\n",
       "      <th>count</th>\n",
       "      <td>690.000000</td>\n",
       "      <td>690.000000</td>\n",
       "      <td>690.000000</td>\n",
       "      <td>690.00000</td>\n",
       "      <td>690.000000</td>\n",
       "      <td>690.000000</td>\n",
       "      <td>690.000000</td>\n",
       "    </tr>\n",
       "    <tr>\n",
       "      <th>mean</th>\n",
       "      <td>31.568203</td>\n",
       "      <td>4.758725</td>\n",
       "      <td>2.223406</td>\n",
       "      <td>2.40000</td>\n",
       "      <td>0.457971</td>\n",
       "      <td>184.014493</td>\n",
       "      <td>1018.385507</td>\n",
       "    </tr>\n",
       "    <tr>\n",
       "      <th>std</th>\n",
       "      <td>11.853273</td>\n",
       "      <td>4.978163</td>\n",
       "      <td>3.346513</td>\n",
       "      <td>4.86294</td>\n",
       "      <td>0.498592</td>\n",
       "      <td>172.159274</td>\n",
       "      <td>5210.102598</td>\n",
       "    </tr>\n",
       "    <tr>\n",
       "      <th>min</th>\n",
       "      <td>13.750000</td>\n",
       "      <td>0.000000</td>\n",
       "      <td>0.000000</td>\n",
       "      <td>0.00000</td>\n",
       "      <td>0.000000</td>\n",
       "      <td>0.000000</td>\n",
       "      <td>1.000000</td>\n",
       "    </tr>\n",
       "    <tr>\n",
       "      <th>25%</th>\n",
       "      <td>22.670000</td>\n",
       "      <td>1.000000</td>\n",
       "      <td>0.165000</td>\n",
       "      <td>0.00000</td>\n",
       "      <td>0.000000</td>\n",
       "      <td>80.000000</td>\n",
       "      <td>1.000000</td>\n",
       "    </tr>\n",
       "    <tr>\n",
       "      <th>50%</th>\n",
       "      <td>28.625000</td>\n",
       "      <td>2.750000</td>\n",
       "      <td>1.000000</td>\n",
       "      <td>0.00000</td>\n",
       "      <td>0.000000</td>\n",
       "      <td>160.000000</td>\n",
       "      <td>6.000000</td>\n",
       "    </tr>\n",
       "    <tr>\n",
       "      <th>75%</th>\n",
       "      <td>37.707500</td>\n",
       "      <td>7.207500</td>\n",
       "      <td>2.625000</td>\n",
       "      <td>3.00000</td>\n",
       "      <td>1.000000</td>\n",
       "      <td>272.000000</td>\n",
       "      <td>396.500000</td>\n",
       "    </tr>\n",
       "    <tr>\n",
       "      <th>max</th>\n",
       "      <td>80.250000</td>\n",
       "      <td>28.000000</td>\n",
       "      <td>28.500000</td>\n",
       "      <td>67.00000</td>\n",
       "      <td>1.000000</td>\n",
       "      <td>2000.000000</td>\n",
       "      <td>100001.000000</td>\n",
       "    </tr>\n",
       "  </tbody>\n",
       "</table>\n",
       "</div>"
      ],
      "text/plain": [
       "               A2          A3          A7        A10         A11          A13  \\\n",
       "count  690.000000  690.000000  690.000000  690.00000  690.000000   690.000000   \n",
       "mean    31.568203    4.758725    2.223406    2.40000    0.457971   184.014493   \n",
       "std     11.853273    4.978163    3.346513    4.86294    0.498592   172.159274   \n",
       "min     13.750000    0.000000    0.000000    0.00000    0.000000     0.000000   \n",
       "25%     22.670000    1.000000    0.165000    0.00000    0.000000    80.000000   \n",
       "50%     28.625000    2.750000    1.000000    0.00000    0.000000   160.000000   \n",
       "75%     37.707500    7.207500    2.625000    3.00000    1.000000   272.000000   \n",
       "max     80.250000   28.000000   28.500000   67.00000    1.000000  2000.000000   \n",
       "\n",
       "                 A14  \n",
       "count     690.000000  \n",
       "mean     1018.385507  \n",
       "std      5210.102598  \n",
       "min         1.000000  \n",
       "25%         1.000000  \n",
       "50%         6.000000  \n",
       "75%       396.500000  \n",
       "max    100001.000000  "
      ]
     },
     "execution_count": 4,
     "metadata": {},
     "output_type": "execute_result"
    }
   ],
   "source": [
    "data_aus[['A2','A3','A7','A10','A11','A13','A14']].describe()"
   ]
  },
  {
   "cell_type": "code",
   "execution_count": 5,
   "id": "4ea76830",
   "metadata": {},
   "outputs": [
    {
     "data": {
      "text/html": [
       "<div>\n",
       "<style scoped>\n",
       "    .dataframe tbody tr th:only-of-type {\n",
       "        vertical-align: middle;\n",
       "    }\n",
       "\n",
       "    .dataframe tbody tr th {\n",
       "        vertical-align: top;\n",
       "    }\n",
       "\n",
       "    .dataframe thead th {\n",
       "        text-align: right;\n",
       "    }\n",
       "</style>\n",
       "<table border=\"1\" class=\"dataframe\">\n",
       "  <thead>\n",
       "    <tr style=\"text-align: right;\">\n",
       "      <th></th>\n",
       "      <th>A1</th>\n",
       "      <th>A4</th>\n",
       "      <th>A5</th>\n",
       "      <th>A6</th>\n",
       "      <th>A8</th>\n",
       "      <th>A9</th>\n",
       "      <th>A11</th>\n",
       "      <th>A12</th>\n",
       "      <th>A15</th>\n",
       "    </tr>\n",
       "  </thead>\n",
       "  <tbody>\n",
       "    <tr>\n",
       "      <th>0</th>\n",
       "      <td>1</td>\n",
       "      <td>2</td>\n",
       "      <td>8</td>\n",
       "      <td>4</td>\n",
       "      <td>1</td>\n",
       "      <td>0</td>\n",
       "      <td>0</td>\n",
       "      <td>2</td>\n",
       "      <td>0</td>\n",
       "    </tr>\n",
       "  </tbody>\n",
       "</table>\n",
       "</div>"
      ],
      "text/plain": [
       "   A1  A4  A5  A6  A8  A9  A11  A12  A15\n",
       "0   1   2   8   4   1   0    0    2    0"
      ]
     },
     "execution_count": 5,
     "metadata": {},
     "output_type": "execute_result"
    }
   ],
   "source": [
    "data_aus[['A1','A4','A5','A6','A8','A9','A11','A12','A15']].mode()"
   ]
  },
  {
   "cell_type": "code",
   "execution_count": 6,
   "id": "35688db4",
   "metadata": {},
   "outputs": [
    {
     "data": {
      "text/html": [
       "<div>\n",
       "<style scoped>\n",
       "    .dataframe tbody tr th:only-of-type {\n",
       "        vertical-align: middle;\n",
       "    }\n",
       "\n",
       "    .dataframe tbody tr th {\n",
       "        vertical-align: top;\n",
       "    }\n",
       "\n",
       "    .dataframe thead th {\n",
       "        text-align: right;\n",
       "    }\n",
       "</style>\n",
       "<table border=\"1\" class=\"dataframe\">\n",
       "  <thead>\n",
       "    <tr style=\"text-align: right;\">\n",
       "      <th></th>\n",
       "      <th>A1</th>\n",
       "      <th>A2</th>\n",
       "      <th>A3</th>\n",
       "      <th>A4</th>\n",
       "      <th>A5</th>\n",
       "      <th>A6</th>\n",
       "      <th>A7</th>\n",
       "      <th>A8</th>\n",
       "      <th>A9</th>\n",
       "      <th>A10</th>\n",
       "      <th>A11</th>\n",
       "      <th>A12</th>\n",
       "      <th>A13</th>\n",
       "      <th>A14</th>\n",
       "      <th>A15</th>\n",
       "    </tr>\n",
       "  </thead>\n",
       "  <tbody>\n",
       "    <tr>\n",
       "      <th>A1</th>\n",
       "      <td>1.000000</td>\n",
       "      <td>0.036659</td>\n",
       "      <td>-0.028166</td>\n",
       "      <td>-0.063528</td>\n",
       "      <td>-0.005321</td>\n",
       "      <td>0.052658</td>\n",
       "      <td>0.097009</td>\n",
       "      <td>0.000918</td>\n",
       "      <td>-0.063256</td>\n",
       "      <td>-0.008427</td>\n",
       "      <td>0.053984</td>\n",
       "      <td>-0.059901</td>\n",
       "      <td>0.058595</td>\n",
       "      <td>0.003616</td>\n",
       "      <td>-0.013897</td>\n",
       "    </tr>\n",
       "    <tr>\n",
       "      <th>A2</th>\n",
       "      <td>0.036659</td>\n",
       "      <td>1.000000</td>\n",
       "      <td>0.201315</td>\n",
       "      <td>0.089503</td>\n",
       "      <td>-0.093877</td>\n",
       "      <td>0.028510</td>\n",
       "      <td>0.392788</td>\n",
       "      <td>0.204342</td>\n",
       "      <td>0.083680</td>\n",
       "      <td>0.185574</td>\n",
       "      <td>0.054779</td>\n",
       "      <td>0.020703</td>\n",
       "      <td>-0.077159</td>\n",
       "      <td>0.018539</td>\n",
       "      <td>0.161626</td>\n",
       "    </tr>\n",
       "    <tr>\n",
       "      <th>A3</th>\n",
       "      <td>-0.028166</td>\n",
       "      <td>0.201315</td>\n",
       "      <td>1.000000</td>\n",
       "      <td>0.091526</td>\n",
       "      <td>0.027665</td>\n",
       "      <td>0.094504</td>\n",
       "      <td>0.298902</td>\n",
       "      <td>0.244317</td>\n",
       "      <td>0.174846</td>\n",
       "      <td>0.271207</td>\n",
       "      <td>-0.013023</td>\n",
       "      <td>0.093752</td>\n",
       "      <td>-0.222346</td>\n",
       "      <td>0.123121</td>\n",
       "      <td>0.206294</td>\n",
       "    </tr>\n",
       "    <tr>\n",
       "      <th>A4</th>\n",
       "      <td>-0.063528</td>\n",
       "      <td>0.089503</td>\n",
       "      <td>0.091526</td>\n",
       "      <td>1.000000</td>\n",
       "      <td>0.088846</td>\n",
       "      <td>0.046639</td>\n",
       "      <td>0.080624</td>\n",
       "      <td>0.129863</td>\n",
       "      <td>0.162464</td>\n",
       "      <td>0.106457</td>\n",
       "      <td>0.004964</td>\n",
       "      <td>0.006400</td>\n",
       "      <td>-0.001758</td>\n",
       "      <td>0.120065</td>\n",
       "      <td>0.194306</td>\n",
       "    </tr>\n",
       "    <tr>\n",
       "      <th>A5</th>\n",
       "      <td>-0.005321</td>\n",
       "      <td>-0.093877</td>\n",
       "      <td>0.027665</td>\n",
       "      <td>0.088846</td>\n",
       "      <td>1.000000</td>\n",
       "      <td>0.402284</td>\n",
       "      <td>0.144757</td>\n",
       "      <td>0.311833</td>\n",
       "      <td>0.222957</td>\n",
       "      <td>0.150166</td>\n",
       "      <td>0.024738</td>\n",
       "      <td>0.070222</td>\n",
       "      <td>0.088140</td>\n",
       "      <td>0.030735</td>\n",
       "      <td>0.373712</td>\n",
       "    </tr>\n",
       "    <tr>\n",
       "      <th>A6</th>\n",
       "      <td>0.052658</td>\n",
       "      <td>0.028510</td>\n",
       "      <td>0.094504</td>\n",
       "      <td>0.046639</td>\n",
       "      <td>0.402284</td>\n",
       "      <td>1.000000</td>\n",
       "      <td>0.240400</td>\n",
       "      <td>0.246193</td>\n",
       "      <td>0.080397</td>\n",
       "      <td>0.098841</td>\n",
       "      <td>0.093641</td>\n",
       "      <td>0.036435</td>\n",
       "      <td>0.070662</td>\n",
       "      <td>0.064841</td>\n",
       "      <td>0.246567</td>\n",
       "    </tr>\n",
       "    <tr>\n",
       "      <th>A7</th>\n",
       "      <td>0.097009</td>\n",
       "      <td>0.392788</td>\n",
       "      <td>0.298902</td>\n",
       "      <td>0.080624</td>\n",
       "      <td>0.144757</td>\n",
       "      <td>0.240400</td>\n",
       "      <td>1.000000</td>\n",
       "      <td>0.345689</td>\n",
       "      <td>0.222982</td>\n",
       "      <td>0.322330</td>\n",
       "      <td>0.138139</td>\n",
       "      <td>-0.016297</td>\n",
       "      <td>-0.076389</td>\n",
       "      <td>0.051345</td>\n",
       "      <td>0.322475</td>\n",
       "    </tr>\n",
       "    <tr>\n",
       "      <th>A8</th>\n",
       "      <td>0.000918</td>\n",
       "      <td>0.204342</td>\n",
       "      <td>0.244317</td>\n",
       "      <td>0.129863</td>\n",
       "      <td>0.311833</td>\n",
       "      <td>0.246193</td>\n",
       "      <td>0.345689</td>\n",
       "      <td>1.000000</td>\n",
       "      <td>0.432032</td>\n",
       "      <td>0.379532</td>\n",
       "      <td>0.091276</td>\n",
       "      <td>0.045054</td>\n",
       "      <td>-0.067387</td>\n",
       "      <td>0.090012</td>\n",
       "      <td>0.720407</td>\n",
       "    </tr>\n",
       "    <tr>\n",
       "      <th>A9</th>\n",
       "      <td>-0.063256</td>\n",
       "      <td>0.083680</td>\n",
       "      <td>0.174846</td>\n",
       "      <td>0.162464</td>\n",
       "      <td>0.222957</td>\n",
       "      <td>0.080397</td>\n",
       "      <td>0.222982</td>\n",
       "      <td>0.432032</td>\n",
       "      <td>1.000000</td>\n",
       "      <td>0.571498</td>\n",
       "      <td>0.017043</td>\n",
       "      <td>0.176097</td>\n",
       "      <td>-0.053321</td>\n",
       "      <td>0.077652</td>\n",
       "      <td>0.458301</td>\n",
       "    </tr>\n",
       "    <tr>\n",
       "      <th>A10</th>\n",
       "      <td>-0.008427</td>\n",
       "      <td>0.185574</td>\n",
       "      <td>0.271207</td>\n",
       "      <td>0.106457</td>\n",
       "      <td>0.150166</td>\n",
       "      <td>0.098841</td>\n",
       "      <td>0.322330</td>\n",
       "      <td>0.379532</td>\n",
       "      <td>0.571498</td>\n",
       "      <td>1.000000</td>\n",
       "      <td>0.006944</td>\n",
       "      <td>0.101479</td>\n",
       "      <td>-0.119808</td>\n",
       "      <td>0.063692</td>\n",
       "      <td>0.406410</td>\n",
       "    </tr>\n",
       "    <tr>\n",
       "      <th>A11</th>\n",
       "      <td>0.053984</td>\n",
       "      <td>0.054779</td>\n",
       "      <td>-0.013023</td>\n",
       "      <td>0.004964</td>\n",
       "      <td>0.024738</td>\n",
       "      <td>0.093641</td>\n",
       "      <td>0.138139</td>\n",
       "      <td>0.091276</td>\n",
       "      <td>0.017043</td>\n",
       "      <td>0.006944</td>\n",
       "      <td>1.000000</td>\n",
       "      <td>-0.044417</td>\n",
       "      <td>0.144254</td>\n",
       "      <td>0.019201</td>\n",
       "      <td>0.031625</td>\n",
       "    </tr>\n",
       "    <tr>\n",
       "      <th>A12</th>\n",
       "      <td>-0.059901</td>\n",
       "      <td>0.020703</td>\n",
       "      <td>0.093752</td>\n",
       "      <td>0.006400</td>\n",
       "      <td>0.070222</td>\n",
       "      <td>0.036435</td>\n",
       "      <td>-0.016297</td>\n",
       "      <td>0.045054</td>\n",
       "      <td>0.176097</td>\n",
       "      <td>0.101479</td>\n",
       "      <td>-0.044417</td>\n",
       "      <td>1.000000</td>\n",
       "      <td>-0.079287</td>\n",
       "      <td>0.139674</td>\n",
       "      <td>0.115261</td>\n",
       "    </tr>\n",
       "    <tr>\n",
       "      <th>A13</th>\n",
       "      <td>0.058595</td>\n",
       "      <td>-0.077159</td>\n",
       "      <td>-0.222346</td>\n",
       "      <td>-0.001758</td>\n",
       "      <td>0.088140</td>\n",
       "      <td>0.070662</td>\n",
       "      <td>-0.076389</td>\n",
       "      <td>-0.067387</td>\n",
       "      <td>-0.053321</td>\n",
       "      <td>-0.119808</td>\n",
       "      <td>0.144254</td>\n",
       "      <td>-0.079287</td>\n",
       "      <td>1.000000</td>\n",
       "      <td>0.065609</td>\n",
       "      <td>-0.099972</td>\n",
       "    </tr>\n",
       "    <tr>\n",
       "      <th>A14</th>\n",
       "      <td>0.003616</td>\n",
       "      <td>0.018539</td>\n",
       "      <td>0.123121</td>\n",
       "      <td>0.120065</td>\n",
       "      <td>0.030735</td>\n",
       "      <td>0.064841</td>\n",
       "      <td>0.051345</td>\n",
       "      <td>0.090012</td>\n",
       "      <td>0.077652</td>\n",
       "      <td>0.063692</td>\n",
       "      <td>0.019201</td>\n",
       "      <td>0.139674</td>\n",
       "      <td>0.065609</td>\n",
       "      <td>1.000000</td>\n",
       "      <td>0.175657</td>\n",
       "    </tr>\n",
       "    <tr>\n",
       "      <th>A15</th>\n",
       "      <td>-0.013897</td>\n",
       "      <td>0.161626</td>\n",
       "      <td>0.206294</td>\n",
       "      <td>0.194306</td>\n",
       "      <td>0.373712</td>\n",
       "      <td>0.246567</td>\n",
       "      <td>0.322475</td>\n",
       "      <td>0.720407</td>\n",
       "      <td>0.458301</td>\n",
       "      <td>0.406410</td>\n",
       "      <td>0.031625</td>\n",
       "      <td>0.115261</td>\n",
       "      <td>-0.099972</td>\n",
       "      <td>0.175657</td>\n",
       "      <td>1.000000</td>\n",
       "    </tr>\n",
       "  </tbody>\n",
       "</table>\n",
       "</div>"
      ],
      "text/plain": [
       "           A1        A2        A3        A4        A5        A6        A7  \\\n",
       "A1   1.000000  0.036659 -0.028166 -0.063528 -0.005321  0.052658  0.097009   \n",
       "A2   0.036659  1.000000  0.201315  0.089503 -0.093877  0.028510  0.392788   \n",
       "A3  -0.028166  0.201315  1.000000  0.091526  0.027665  0.094504  0.298902   \n",
       "A4  -0.063528  0.089503  0.091526  1.000000  0.088846  0.046639  0.080624   \n",
       "A5  -0.005321 -0.093877  0.027665  0.088846  1.000000  0.402284  0.144757   \n",
       "A6   0.052658  0.028510  0.094504  0.046639  0.402284  1.000000  0.240400   \n",
       "A7   0.097009  0.392788  0.298902  0.080624  0.144757  0.240400  1.000000   \n",
       "A8   0.000918  0.204342  0.244317  0.129863  0.311833  0.246193  0.345689   \n",
       "A9  -0.063256  0.083680  0.174846  0.162464  0.222957  0.080397  0.222982   \n",
       "A10 -0.008427  0.185574  0.271207  0.106457  0.150166  0.098841  0.322330   \n",
       "A11  0.053984  0.054779 -0.013023  0.004964  0.024738  0.093641  0.138139   \n",
       "A12 -0.059901  0.020703  0.093752  0.006400  0.070222  0.036435 -0.016297   \n",
       "A13  0.058595 -0.077159 -0.222346 -0.001758  0.088140  0.070662 -0.076389   \n",
       "A14  0.003616  0.018539  0.123121  0.120065  0.030735  0.064841  0.051345   \n",
       "A15 -0.013897  0.161626  0.206294  0.194306  0.373712  0.246567  0.322475   \n",
       "\n",
       "           A8        A9       A10       A11       A12       A13       A14  \\\n",
       "A1   0.000918 -0.063256 -0.008427  0.053984 -0.059901  0.058595  0.003616   \n",
       "A2   0.204342  0.083680  0.185574  0.054779  0.020703 -0.077159  0.018539   \n",
       "A3   0.244317  0.174846  0.271207 -0.013023  0.093752 -0.222346  0.123121   \n",
       "A4   0.129863  0.162464  0.106457  0.004964  0.006400 -0.001758  0.120065   \n",
       "A5   0.311833  0.222957  0.150166  0.024738  0.070222  0.088140  0.030735   \n",
       "A6   0.246193  0.080397  0.098841  0.093641  0.036435  0.070662  0.064841   \n",
       "A7   0.345689  0.222982  0.322330  0.138139 -0.016297 -0.076389  0.051345   \n",
       "A8   1.000000  0.432032  0.379532  0.091276  0.045054 -0.067387  0.090012   \n",
       "A9   0.432032  1.000000  0.571498  0.017043  0.176097 -0.053321  0.077652   \n",
       "A10  0.379532  0.571498  1.000000  0.006944  0.101479 -0.119808  0.063692   \n",
       "A11  0.091276  0.017043  0.006944  1.000000 -0.044417  0.144254  0.019201   \n",
       "A12  0.045054  0.176097  0.101479 -0.044417  1.000000 -0.079287  0.139674   \n",
       "A13 -0.067387 -0.053321 -0.119808  0.144254 -0.079287  1.000000  0.065609   \n",
       "A14  0.090012  0.077652  0.063692  0.019201  0.139674  0.065609  1.000000   \n",
       "A15  0.720407  0.458301  0.406410  0.031625  0.115261 -0.099972  0.175657   \n",
       "\n",
       "          A15  \n",
       "A1  -0.013897  \n",
       "A2   0.161626  \n",
       "A3   0.206294  \n",
       "A4   0.194306  \n",
       "A5   0.373712  \n",
       "A6   0.246567  \n",
       "A7   0.322475  \n",
       "A8   0.720407  \n",
       "A9   0.458301  \n",
       "A10  0.406410  \n",
       "A11  0.031625  \n",
       "A12  0.115261  \n",
       "A13 -0.099972  \n",
       "A14  0.175657  \n",
       "A15  1.000000  "
      ]
     },
     "execution_count": 6,
     "metadata": {},
     "output_type": "execute_result"
    }
   ],
   "source": [
    "data_aus.corr()"
   ]
  },
  {
   "cell_type": "code",
   "execution_count": 7,
   "id": "6b34bd4d",
   "metadata": {},
   "outputs": [
    {
     "data": {
